1967   1  0  12 143.3
1968   1  0  13 149.1
1969   1  0  11 151.1
1970   1  0  12 156.0
1971   1  0  11 118.2
1972   1  0  13 120.9
1973   1  0  17  93.4
1974   1  0  20  86.7
1975   1  0  14  76.1
1976   1  0  13  73.4
1977   1  0  12  86.9
1978   1  0  17 143.5
1979   1  0  14 191.6
1980   1  0  11 198.4
1981   1  0  16 202.6
1982   1  0  22 174.8
1983   1  0  19 119.9
1984   1  0  19 100.9
1985   1  0  14  74.8
1986   1  0  12  74.0
1987   1  0  11  85.3
1988   1  0  13 141.1
1989   1  0  19 213.4
1990   1  0  16 189.9
1991   1  0  23 208.0
1992   1  0  16 150.1
1993   1  0  15 109.6
1994   1  0  18  85.6
1995   1  0  13  77.2
1996   1  0   9  72.0
1997   1  0   8  80.9
1998   1  0  12 118.1
1999   1  0  13 153.9
2000   1  0  15 180.0
2001   1  0  13 181.1
2002   1  0  13 179.4
2003   1  0  22 128.4
2004   1  0  13 104.7
2005   1  0  13  91.7
2006   1  0   8  80.0
2007   1  0   7  73.1
2008   1  0   7  69.0
2009   1  0   4  70.5
2010   1  0   6  80.0
2011   1  0   7 113.3
2012   1  0   9 120.0
2013   1  0   8 122.7
2014   1  0   8 145.9
2015   1  0  12 117.7
2016   1  0  10  88.7
2017   1  0  10  77.3
2018   1  0   7  69.9
2019   1  0   6  69.7
2020   1  0   5  73.7
2021   1  0   7  74.0
